	RT	(+)	(-)	neutral mass	formula	name	Min_C_1	Min_C_2	Min_C_3	Min_C_4	Min_S_1	Min_S_2	Min_S_3	Min_S_4	MEBM_C_1	MEBM_C_2	MEBM_C_3	MEBM_C_4	MEBM_S_1	MEBM_S_2	MEBM_S_3	MEBM_S_4	YE_C_1	YE_C_2	YE_C_3	YE_C_4	YE_S_1	YE_S_2	YE_S_3	YE_S_4	SE_C_1	SE_C_2	SE_C_3	SE_C_4	SE_S_1	SE_S_2	SE_S_3	SE_S_4
1	4.79±0.02		144.0454	145.0527	(C9H7NO)		183	158	161	127	7727	10714	9057	10503	6458	3922	5083	3649	14827	18974	17550	16474	202222	183186	158197	168006	65514	57084	60121	75954	61507	59299	60780	59068	73722	61124	78081	61572
2	4.78±0.03	295.2256	121.0298	122.0371	C7H6O2		5250	4258	11903	5329	91195	89572	87135	96232	11395	7107	8791	8275	67320	84877	73920	66481	69435	57772	56313	67474	86314	81400	83266	116384	92057	88032	98423	88640	661202	586422	646973	535655
3	4.84±0.01	334.1612																					26084	31890	32122	24337	26976	28700	29633	17352								
4	4.87±0.04	160.0760		159.0687	C10H9NO	(Indole-3-acetaldehyde)									0	173	0	0	179780	194864	173717	155946	1122	2255	1191	1685	590342	650199	547555	776539	1350	1394	2019	251	83580	63363	65345	70154
5	5.79±0.22	205.0454													176991	100440	197802	258102	53731	57590	103461	181587	56315	68727	106870	62001	6457	9008	5550	5091	20561	26697	26637	21818	3558	6611	4386	4818
6	6.26±0.21		313.2390				0	0	359	0	18358	25047	31673	36859	0	220	0	0	18744	27481	19333	13057	103	269	384	218	17466	24484	15405	46403	963	1889	4485	4306	109704	81522	127704	78839
7	6.20±0.16	146.0603	144.0457	145.0530	(C9H7NO)										24385	27022	21532	30746	30997	27379	26905	25041	344592	263119	291795	277596	374741	386469	359142	458853	60780	64859	52232	43473	97823	81617	86223	90468
8	6.77±0.03	296.1360		295.1287	C12H17N5O4	(Dimethyladenosine)	0	0	0	247	16976	15738	17872	23090	114	0	0	146	20483	14018	19920	14538	1266	1027	168	1283	18952	18695	16374	29589	3401	3708	3475	4041	30484	40752	43800	40422
9	6.78±0.03	298.0971		297.0898	C11H15N5O3S	Methylthioadenosine									245	0	0	179	1972	1415	3115	1690	228217	194969	217006	249819	3112	3959	1540	3305	132742	133616	152978	152661	13314	13363	2149	3009
10	6.79±0.03	348.2752	173.1174				3792	4058	4441	3790	9621	10260	10686	20840	2901	6027	3492	3659	7092	7677	5554	5160	2209	1481	4102	3422	4685	6320	3316	7796	4337	3599	3467	5894	162651	163317	124072	162811
11	6.26±0.03	123.0553		122.0480	C6H6N2O	Nicotinamide	8702	5814	8874	10703	11708	9373	7241	6580	2339767	2540290	2234465	2451358	1740040	1677754	1582851	1476716	1048476	851588	926704	993637	66111	76840	45813	36531	270686	205359	244064	225629	50448	54270	24479	31205
12	6.34±0.17	131.0814					125	0	0	270	41521	54772	65431	94524																	14651	9364	14872	16206	37481	30397	31233	25419
13	6.82±0.03		295.1397																				254652	220154	232288	248570	174561	173891	194732	232672								
14	6.38±0.42	115.0871			C7H12N2O2	(N-acetylornithine – H2O)																	4653	3123	4300	4088	534429	515459	553370	751666	1491	1188	649	1763	25078	19836	22625	20149
15	6.88±0.03		163.0255												0	0	0	0	25873	25974	21161	26383																
16	7.02±0.16	355.0633	353.0485	354.0559	C19H14O5S	Phenol red									2399153	1664351	1835856	1478730	1669318	2064821	1961024	1470130																
17	6.98±0.03	195.0248	111.0207	112.0280	C4H4N2O2	Uracil																	505018	453332	438224	469740	97087	123560	143744	93749	2340	1865	2201	2318	2194	2886	3107	2334
18	7.02±0.04	167.0926	165.0788	166.0857	(C7H10N4O)										114153	100729	112617	100492	93979	125277	117525	108103	226188	186610	173033	213520	666315	638136	626810	810536	7635	6861	8975	9444	20349	18415	21629	16397
19	7.04±0.02	170.0808	168.0669	169.0739	C8H11NO3	Pyridoxine									29455	28945	30137	23534	29563	34452	32241	26691	49823	41933	39156	52064	40346	38569	36760	53197								
20	7.10±0.04	251.1506	249.1349	250.1428	(C12H18N4O2)																		69211	63875	58051	75713	51939	51077	47781	62577								
21	7.10±0.02		219.0776																				11724	11751	10823	14421	10950	9867	9114	12694								
22	7.11±0.03	146.0590					0	0	0	0	603	372	624	1010	1378	2768	1631	1899	1727	1983	2238	2223	10007	8178	7013	8964	23709	22566	19481	34658	618	1369	566	852	1917	1654	2752	2006
23	7.23±0.02	189.0606																					63993	66110	67493	67824	53269	55629	65479	54273								
24	7.21±0.02	194.0672	192.0526																												69336	68846	80542	78186	84648	78412	90650	70494
25	7.21±0.02		153.0660																				25984	24739	24246	25139	34029	30091	30609	43197								
26	7.31±0.18		143.0355												37106	41073	19426	37112	31458	28192	27724	30932																
27	7.56±0.26		371.0601												70820	60017	75992	65248	53215	67825	57935	56098																
28	7.38±0.03	294.0931	210.0879	211.0952	(C9H13N3O3)																		193256	182281	172368	179461	120371	127744	134153	150361								
29	7.38±0.02	195.0765		194.0692	C9H10N2O3																		101705	96996	82767	103126	65793	66203	62563	105231								
30	7.38±0.07	282.1194		281.1121	C11H15N5O4	Methyladenosine	0	0	0	0	5353	7090	6264	11614	0	0	0	0	5134	7855	5373	5282	4718	5336	6390	7211	11094	7396	9884	16803	958	1255	2094	1476	19653	16965	24331	16636
31	7.46±0.03		227.0671				242	494	0	100	3200	1725	3179	3550	303	335	139	565	801	2031	1806	1690	8418	10611	9214	8809	10617	10486	12285	15620	701	1190	1232	1278	10082	10595	11474	7117
32	7.51±0.07	235.1191	233.1037	234.1114	(C11H14N4O2)																		456883	441942	399660	498070	293242	305239	313873	414212								
33	7.66±0.16	824.4965																													12079	9843	14308	13389	117	0	0	0
34	7.79±0.10	136.0619	134.0486	135.0553	C5H5N5	Adenine									133714	123451	136808	122178	2303	3532	3255	3174	5335745	5005064	4604973	5346756	56983	98189	70170	87049	326928	313363	391094	361631	23502	16865	18700	11744
35	8.02±0.20		257.0775	258.0848	C10H14N2O6	Methyluridine	0	119	123	0	16583	17007	19124	30644	367	439	208	882	16730	23875	16057	17397	1194	1911	2042	2203	22719	20518	24026	35095	4626	5142	5479	4698	80836	69870	68479	58085
36	8.47±0.03	268.1042	266.0886	267.0964	C10H13N5O4	Adenosine																	6104212	5410901	4838527	6085894	1822320	1735107	1842288	4201738	306960	296274	343270	333121	52926	45828	137049	42767
37	8.74±0.08		142.0499																				2494	2744	2182	1301	3690	4157	4956	3080	3157	3583	3699	1602	7699	9216	6864	9437
38	8.88±0.54		131.0708																				69412	88898	85125	102558	79685	67952	71329	81901								
39	8.90±0.05	178.0716	176.0573																												221877	166689	141096	136698	414656	304398	410455	309806
40	8.88±0.07	175.0453					137779	443789	155951	235790	180152	222463	181998	80954	180336	447245	143540	348821	232050	294391	222411	379149	681958	839863	1658784	826870	115314	112490	334201	14864	342839	389413	138069	160736	355088	139867	42013	205032
41	9.18±0.13	178.0198					191662	6459	79983	15309	229851	79672	256299	75788	203619	70132	206190	19341	29979	177453	180317	5676	571731	700347	216772	487562	148347	166172	58329	67624	27703	15351	209433	233405	264966	161566	178015	183449
42	8.98±0.06	235.1196		234.1123	(C11H14N4O2)																		119502	115054	126986	135277	126873	115081	143976	254070								
43	9.55±0.15	112.0504		111.0431	C4H5N3O	Cytosine	0	0	0	0	12916	16225	15149	26395	0	0	0	0	12255	21542	17818	5526	405	442	460	358	24338	16483	12535	28530	4146	2198	5905	6647	89118	57671	36873	61510
44	9.27±0.16	222.0464					120	0	0	0	8402	3599	10815	7344	177	0	0	105	1241	6161	5663	0	9522	8899	2055	7519	16057	15701	6746	14440	0	272	1780	2448	49753	45461	58149	40861
45	9.63±0.04	282.0438																					11384	9642	15590	13865	5677	3884	11243	794								
46	9.81±0.03	137.0466	135.0304	136.0385	C5H4N4O	Hypoxanthine																	876364	779646	522010	822455	559739	602400	451171	867517								
47	9.83±0.13	166.0730		165.0657	C6H7N5O	Methylguanine	0	106	0	0	22725	32603	28397	33245	0	0	0	145	29679	42969	34321	18543	112903	98752	57478	107708	122665	122036	91041	170015	1422	2314	3665	4860	108249	87285	62442	85121
48	9.95±0.04	113.0353	243.0616	244.0689	C9H12N2O6	Uridine	0	0	0	0	9524	17941	15080	32188	0	0	0	0	9017	12113	9903	8315	778649	600472	580305	716220	876678	739690	730899	1402323	31938	26265	33548	35152	767108	613301	663875	511814
49	10.09±0.16	192.0518	190.0369																												160079	136608	177915	248533	72262	171141	476719	35652
50	10.07±0.03	248.0252																					46045	57428	55292	52207	41260	43909	50630	18029								
51	10.30±0.03		184.0715																				23173	13595	13986	22688	13984	13258	12228	22734								
52	10.52±0.05	236.0257					0	0	0	0	8716	8992	13094	2920	768	441	531	1339	15650	9955	23347	32855	1605	1656	2744	1385	31432	29879	38346	12826	4298	3461	3531	2215	4339	5166	3765	5882
53	10.45±0.17		245.0772				0	0	0	0	1617	3004	768	5182	0	0	0	0	7592	10304	5082	5176	3000	2152	1844	2934	10349	10672	10198	19406	207	0	108	119	34271	28173	23587	17125
54	10.73±0.14	153.0406	151.0254	152.0330	C5H4N4O2	Xanthine	0	0	135	0	1295	2979	3371	3458	106	0	0	0	41846	69122	32834	21678	677161	485989	324043	594903	466311	454705	324325	613876	0	102	0	0	43876	53729	24331	21487
55	10.80±0.08	314.0920		313.0847	C11H15N5O4S																		63495	48787	36513	64018	31506	30510	27825	28332	100980	75133	50887	46891	4681	5331	3278	3711
56	10.99±0.07	209.1030		208.0957	C9H12N4O2																		95866	77114	76575	110104	69484	73062	73661	47930								
57	11.36±0.05	152.0564	296.0998	297.1071	C11H15N5O5	Methylguanosine	0	0	0	0	31549	44567	35268	56371	0	0	0	0	34107	39121	27513	34870	19892	14949	15854	17518	73271	62607	68943	69742	12751	11093	8761	8700	156774	140541	130541	129643
58	11.32±0.04	206.0647																					32273	23026	23133	30367	20653	19072	20290	18084								
59	11.86±0.15	164.0560	162.0412																				18004	14430	13992	16353	13257	10896	14345	14793	39694	35043	30774	29418	38234	37825	47405	27732
60	11.91±0.35	236.0253					0	0	0	0	19605	11149	26290	3590	197	0	0	0	16039	18217	30290	46618	2241	3245	3259	3520	51458	50786	63848	22768	10599	9394	6189	6207	111329	108409	59919	81235
61	12.07±0.10	105.0702			C8H11N	Phenylethylamine																	51114	50481	76128	50910	25890	31620	44343	69442								
62	12.14±0.02	206.0650																					15552	14753	13386	16518	13067	12973	14915	12515								
63	12.16±0.21	202.1799		201.1726	(C11H23NO2)		20003	28439	32443	35862	115979	98766	111716	79241	39715	44297	24489	42270	66396	47336	58994	63082	38606	56261	68393	60047	86010	77093	99823	28718	65769	67194	47193	47984	69651	47847	44300	59630
64	12.30±0.05	154.0719		153.0646	C5H7N5O																		53998	44879	92110	56239	27674	27857	56237	18258								
65	12.71±0.12	175.0871	173.0724	174.0798	C10H10N2O	(Indole-3-acetamide)																	143393	84227	135979	123396	3309	3385	3442	1307								
66	12.78±0.34	208.0303					1468	1367	101	685	41226	24131	46389	7952	382	370	249	925	19492	18610	28257	44687	18496	17820	19173	17340	64758	60631	70471	26207	10437	6179	7529	6080	70233	68784	41658	48302
67	13.00±0.09	158.1542					20856	79239	29766	34053	54497	49771	43758	23118	37481	48413	23970	42219	52506	34057	49190	49971	41865	61340	43650	62364	34350	33360	51286	38313	92560	90456	52991	75639	103231	90431	120943	109302
68	13.12±0.13	180.1020		179.0947	C10H13NO2	((Methyl or Homo)phenylalanine)	0	0	0	0	17826	16371	24571	21480	0	0	305	0	2971	2417	1630	2378	110	225	526	452	5224	3306	5032	5251	11761	10382	8626	8765	32753	25664	33162	25562
69	12.84±0.17		674.4861				0	0	0	0	18805	597	2393	1244	113	0	266	269	19223	27949	16296	10018	0	122	0	102	8774	5555	10137	14621	73221	40709	64656	67477	1299	3838	247	842
70	13.46±0.04	137.0413	330.0681																				20272	16505	16348	21687	25475	15632	21673	30224								
71	12.97±0.07	342.2365																					80940	71461	72732	82747	62371	55906	62187	79545								
72	13.54±0.03	121.0513		120.0440	C5H4N4	(Purine)																	59326	72516	82182	65931	58604	57378	65476	49273								
73	13.55±0.16	614.2615	612.2477				0	0	107	0	54259	90806	101382	82793																	15807	13850	17275	18598	415	0	0	0
74	13.72±0.09	99.0926					4296	8245	3864	2133	6618	4604	3549	1485	5907	3799	3995	7051	6700	3595	6646	6503	16611	14804	18601	18018	17256	18278	18623	7206	11225	10449	8533	7852	9718	10274	14883	10720
75	13.82±0.07	586.2285	584.2137				0	0	0	0	18997	16490	30582	16364																	2437	2005	3295	3209	371	109	0	110
76	13.88±0.06	270.1932	394.1671																				74525	89712	95187	94864	69231	65169	89115	64078								
77	13.87±0.17	404.1339	402.1181																				31345	25696	27594	36301	29387	25560	21896	20744								
78	14.15±0.04	152.0568	150.0407	151.0488	C5H5N5O	Guanine																	167743	117091	245535	162226	89194	98348	156971	159033								
79	14.15±0.09	242.1873		241.1800	(C12H23N3O2)																		94655	89124	126966	96904	404	1000	0	0								
80	14.22±0.06	256.1777		255.1704	(C11H21N5O2)																		15277	17097	26834	15139	0	251	257	323								
81	14.23±0.16	277.1199	275.1030	276.1115	C14H16N2O4	(C5H7NO3 + Phe – H2O)																	41617	34097	35727	41554	32320	31653	33097	55205								
82	14.40±0.13	254.1616	252.1449	253.1533	(C11H19N5O2)																		224890	170660	386671	376701	279	0	293	0								
83	14.37±0.04	263.1386	261.1243	262.1315	C14H18N2O3	(Phe-Pro)																	90697	87663	85121	100059	91479	87266	87949	206298								
84	14.36±0.16	243.1349	241.1178	242.1264	C11H18N2O4	(C5H7NO3 + (Leu or Ile) – H2O)																	158230	139521	113564	144919	127597	122253	120776	214962								
85	14.66±0.10	295.1655	293.1495																				35328	32983	25860	34694	25767	25646	24470	8125								
86	14.61±0.11	104.1069	228.0840	103.0996	C5H13NO	Choline	1000	11932	8548	5695	1420	6613	555	6058	2007669	2485104	1076723	2398464	1507171	2642186	105	2128411	456197	426554	667623	447380	1368	590	1228	1516	5765	12040	5047	383	3658	324	238	944
87	14.97±0.27	115.0869		114.0796	C5H10N2O																		114201	104857	45165	54211	2244	1430	2546	1005								
88	14.74±0.10	112.0501			C9H13N3O5	Cytidine	0	101	0	0	796	410	831	5245	0	0	0	0	400	1242	0	269	2212	2557	2601	1796	65367	44963	40318	141032	1182	308	820	1281	25926	21364	42005	23694
89	14.34±0.09	231.1702		230.1629	C11H22N2O3	(Val-(Leu or Ile))																	206387	216208	241894	233801	171882	164416	203647	404404								
90	14.96±0.77	265.1109		264.1036	C12H16N4OS	Thiamine																	139029	147832	190005	245747	133	418	662	594								
91	14.80±0.08	166.0854	164.0708	165.0781	C9H11NO2	Phenylalanine	1132	1092	484	755	640253	346167	701523	612606	325183	331976	455423	177956	760541	1064743	1030533	393462	9484084	7874021	3913484	5348024	10272658	9688888	6493448	18144119	370973	314776	677945	843270	1868856	2132132	3536654	1795468
92	14.72±0.22		122.0243												0	0	0	0	360046	482986	92460	13439	12782	14704	130356	195997	23188	19047	22023	309468	0	0	0	0	1236	1383	1072	1189
93	14.80±0.14		133.0515				0	108	0	0	5109	4753	5509	2786	0	0	0	125	3406	3160	3494	4143	877	2948	1063	930	12196	13423	7643	35387	925	964	907	1289	6053	7341	2312	4590
94	14.91±0.15	196.0636	249.0547												82535	92234	72870	49532	110981	124515	77351	69110																
95	14.81±0.08	248.0763					804	564	0	728	186032	16737	231608	7622	77576	19875	168570	26200	42369	56350	326747	53703	833715	904967	332029	367847	1366118	1387726	778138	997375	53619	42318	156253	238818	298105	451940	729178	472274
96	14.97±0.08	379.1719	377.1568												8700	5343	11294	3767	12816	21116	20466	9769	232299	174319	29428	73520	182049	231965	139800	169701	0	0	0	0	27167	24936	28659	19648
97	15.07±0.07	450.2446													4057	10041	3063	1530	21898	33925	8614	7796	247218	160022	100796	202297	160608	166278	127632	262164	0	103	266	859	7288	4311	4447	2468
98	15.29±0.43	217.1357	215.1391	216.1374	C10H20N2O3	(Val-Val)																	74019	71496	78367	83674	63422	65901	63828	115576								
99	15.32±0.07	229.1549	227.1388	228.1469	C11H20N2O3																		1013932	923170	804182	1076507	843630	815188	762207	1629352								
100	15.14±0.13	132.1022	130.0867	131.0945	C6H13NO2	Leucine	2826	784	1809	1256	143006	237801	162392	358687	3660385	5044039	3475577	3316068	5284255	5769059	3406539	3418543	19012290	17419750	16426158	20061486	15155380	14992922	15302581	24304138	37115	33412	40157	39257	1513689	1296522	1944984	1059286
101	15.50±0.04	148.0966	146.0805	147.0886	C6H13NO3																		35709	28928	29017	34221	22945	23095	23991	52314								
102	15.61±0.04	188.0708	203.0811	204.0884	C11H12N2O2	Tryptophan	507	131	1742	148	15604	16143	15587	38073	263882	396837	293274	247391	398780	527276	265140	234910	1161618	998178	988826	1229115	445041	490825	429780	910346	0	127	368	0	11611	11514	7810	2563
103	15.76±0.06	152.0571	282.0841	283.0914	C10H13N5O5	Guanosine	0	0	0	0	1575	1218	1868	4072	0	0	0	0	142	535	113	270	76233	64392	62285	76906	246399	178396	164606	476107	2555	2201	2849	2715	32095	26979	38493	22608
104	15.66±0.03	132.1022	130.0868	131.0945	C6H13NO2	Isoleucine	0	200	1067	514	94941	128738	138646	270920	832099	1330575	913438	755649	1280236	1928358	896772	837312	7011895	6628476	5625569	7148839	5261462	5032272	5056740	8891526	36526	30645	37504	40045	866658	703996	888815	546450
105	15.80±0.04	194.0802	192.0664																				17095	12287	10615	16039	2616	2958	2089	5490								
106	15.84±0.16	238.0932	236.0782	237.0857	(C9H11N5O3)		0	0	0	0	2111	2297	3206	10942	193	0	0	190	987	1442	488	0	1742	562	149	1581	1433	912	873	5641	2135	341	2284	1508	566583	489129	552543	279966
107	15.97±0.04	263.0610	261.0466												693132	1032341	896563	632853	1302792	971519	1092512	1072568	23337	20418	18989	26241	36547	30616	30500	41171								
108	16.38±0.19	254.1620		253.1547	(C13H21N2O3)																		68735	101263	84928	9596	219681	199315	261739	159993								
109	16.22±0.11		116.0714																				24133	23326	24525	27906	20889	18605	23504	36852								
110	16.39±0.05		267.0658	268.0731	(C8H16N2O6S)										208355	255060	176287	163744	190390	237640	181672	164302																
111	16.43±0.08	232.0497	148.0429	149.0502	C5H11NO2S	Methionine	115	0	284	117	17459	14687	20518	14465	118228	171278	114051	109735	127835	107774	123639	118114	977812	885560	910537	1102643	749410	721032	730491	510054	2498	2868	4792	5286	41066	37802	19961	25461
112	16.55±0.07	561.1008	477.0956																												506109	1083505	268606	418612	255195	147064	5041	247596
113	16.71±0.05	255.1086	253.0933	254.1010	C9H18O8	Glucosylglycerol																									2911752	3160968	3012984	3364709	1387110	1246451	779661	948292
114	16.67±0.05		219.0785	220.0858	C11H12N2O3	(Hydroxytryptophan)																	48758	31953	27013	41052	49039	45881	35879	103240								
115	16.76±0.02		289.0695				0	0	0	0	16454	431	8633	8960	434	547	678	0	2431	10017	8214	8216									5244739	3927551	5779810	5827675	2655412	2522703	2215887	1658279
116	16.87±0.12	313.0539					0	0	240	0	15976	529	8728	5514	2302	1234	1777	1489	3610	10224	9485	6539									1299877	847776	1499886	1262863	1336617	1280233	1585619	889332
117	16.79±0.03		384.9899																												145172	93921	186343	158174	104789	109577	83823	75697
118	16.37±0.19	254.1622																					65569	101263	84928	8783	219532	198769	261317	158157								
119	16.75±0.09	253.0856	251.0711												785490	999050	703682	576856	680487	1121306	731246	580592																
120	17.08±0.03		221.0935	222.1008	C11H14N2O3	Gly-Phe																	51007	39411	36887	55325	36290	31557	29080	64171								
121	17.18±0.05	200.0767					1566	1082	2584	1256	19387	20513	25547	8367	342874	315594	293816	352346	321153	183857	295628	320083	1199671	1237455	1369151	1393004	1055980	1042341	1078649	611796	6698	6369	6609	7886	133566	130241	69060	98595
122	17.21±0.09	118.0868	116.0716	117.0792	C5H11NO2	Valine	0	117	252	1148	12146	11043	16294	18570	291154	234710	253748	227751	205097	328013	293178	241904	2188035	1869207	2168670	3114202	2097328	1815419	1559408	2578553	2905	3639	3610	4464	133439	104443	83166	87937
123	17.39±0.11	217.0932																													0	133	0	151	58080	55051	54978	44645
124	17.43±0.06	182.0800	180.0663	181.0732	C9H11NO3	Tyrosine	1203	1147	675	897	1868	2089	2871	6062	71838	62871	67045	61466	58784	92161	77950	64318	395287	316834	338808	453352	301492	294391	261188	388504	93703	84572	112365	107858	150512	127660	81156	76809
125	16.95±0.23	104.1077		103.1004	C5H13NO	(Choline)	10107	606	3698	827	12449	3597	9793	123	1018828	1119820	2420695	315527	1263044	452914	2097758	655770	70810	64859	46119	35903	214761	200116	145231	262084	4256	5019	9388	12225	2944	8302	13503	10272
126	17.35±0.17	118.0870	152.0480	117.0797	C5H11NO2	Betaine	0	296	743	2137	7012	8205	10506	15361	148237	126349	150845	125048	118034	218142	127828	114605	3455925	2882964	2837738	3503524	2707873	2555600	2330673	3662035	1643	3811	2232	2926	63264	54889	50862	33997
127	17.66±0.02	313.0544	289.0706																												89461	67553	90647	83372	102996	88403	52084	54842
128	17.64±0.07	292.0210	215.0334												1782696	1370537	1529652	1494368	1304102	1814815	1544274	1436181	44115	25146	31904	43012	24820	22055	21053	26804								
129	18.12±0.13	212.0408	270.0471												288296	353978	410644	382790	376357	430270	333235	414086	161635	146199	142777	137049	125590	150510	136097	111250								
130	18.22±0.21	173.0298	171.0132				14958	29280	12707	16056	22188	22490	19218	25162	9191	66292	14305	18094	20310	47362	13820	22990	176247	155249	237740	172446	147486	156248	184345	96066	16912	33668	14140	19090	47818	27661	28311	28815
131	18.22±0.07	116.0711	114.0551	115.0631	C5H9NO2	Proline	151	0	0	0	2630	3144	3255	4579	50321	87357	67341	96615	100610	111862	60072	105105	345093	610950	639768	354829	431769	427117	614176	812177	2344	2547	1610	2677	7950	8754	23101	6861
132	18.36±0.09		173.0914																				20457	20871	25542	20416	22110	15018	18531	30150								
133	18.19±0.22		197.0214																												0	169	407	202	77096	68463	50982	47968
134	18.70±0.06	257.0993	173.0922																				40269	39163	43053	47006	36204	32664	29952	42696								
135	18.74±0.15	295.1302	293.1154	294.1228	C14H18N2O5	Gamma-Glu-Phe																									247926	102964	172137	167729	66777	74330	3314	6622
136	18.90±0.05	425.1156	341.1104	342.1177	C12H22O11	(2Hexoses – H2O)	3327	2980	1468	9805	14330	3543	5370	5641	2383	3835	3442	2424	2646	5274	3556	3301	20203	13939	17959	13424	12220	15658	26522	24364	1635971	1165913	1523750	1476433	990268	1257235	813671	621756
137	19.63±0.13	403.0875													547566	582133	524529	656636	690416	458375	507311	858322																
138	19.07±0.13	657.2357	655.2209	656.2283	C25H40N2O18	(Hexos(amine) trisaccharide)	0	0	0	0	38148	9395	19339	12922									3047	2132	2470	2292	18430	19031	21674	27814	7518193	6900155	7396535	7107271	1085718	1213061	788111	730607
139	19.23±0.08	239.1086	237.1028	238.1057	C8H18N2O4S	HEPES									54932460	47975420	48519348	50177350	46675130	55511300	50133070	48125000																
140	19.22±0.12	176.0922	174.0764	175.0843	C7H13NO4																		70618	48626	69436	57330	49116	46757	44743	61179								
141	19.29±0.13		104.0351	105.0424	C3H7NO3	Serine																	10511	5141	10505	6728	6571	6790	5808	6526								
142	19.38±0.11		205.0808	206.0881	C7H14N2O5	Thr-Ser																	62666	37076	51927	51901	45262	39331	36617	58759								
143	19.39±0.03	417.1603		416.1530	C15H28O13	(2Hexoses + glycerol – 2H2O)																									60381	22174	54573	47044	62491	58719	24761	16776
144	19.36±0.10	255.1450	253.1288	254.1369	C11H18N4O3	His-Val																	49111	45863	39007	47579	33154	36521	21645	57686								
145	19.44±0.08	347.0955	172.0368												157876	299911	197217	333039	315021	236008	202140	299102																
146	19.40±0.10		175.0723	176.0796	C6H12N2O4																		42115	29771	37915	39325	30536	30065	25003	38393								
147	19.43±0.17	322.1876	320.1692	321.1784	C15H23N5O3	(Phe-Arg)																	167769	163087	103239	150180	124071	121911	77088	34205								
148	19.60±0.06	172.0436	88.0398	89.0471	C3H7NO2	Alanine	960	822	934	918	345929	279925	329671	306953	133797	126704	149458	142529	255257	217081	270179	214078	1969405	1996988	2089028	1965187	2299363	2068407	2176516	1672653	145928	104857	131999	122367	581142	808323	697709	557706
149	19.78±0.13		118.0501	119.0574	C4H9NO3	Threonine									95568	82751	152304	92771	71274	109080	71071	41383	661253	530714	670969	532568	597334	629146	590875	563870								
150	19.56±0.10		189.0882	190.0955	C7H14N2O4	Thr-Ala																	24825	34823	28941	24903	24931	26172	29038	29383								
151	19.59±0.15	290.1203	288.1060																				211246	337814	270183	293066	350127	261565	311695	342017	0	603	0	308	7002	12302	9031	3227
152	19.44±0.19	351.0780	267.0733	268.0806	C9H16O9	Glucosylglycerate																									854091	189669	451726	455269	708494	733007	73825	62279
153	19.58±0.18		245.1126	246.1199	(C10H18N2O5)																		155545	118390	144625	133149	123672	115766	110486	155156	50261	22698	31913	34648	42816	61841	2984	11197
154	19.71±0.02	432.1674	430.1550																				2400059	1524659	1747214	1803196	844201	964073	843790	1042568								
155	19.77±0.02	360.1487	401.1284		C12H22O11	(Trehalose)																	4227442	4180590	4433010	4495299	2051375	2149205	2428411	2303432								
156	19.95±0.10		293.0989												142962	58986	100546	68859	77035	116144	120067	54721																
157	20.05±0.06	198.1240	196.1091	197.1166	C9H15N3O2	Histidine betaine																									153557	147162	290786	287122	19532	121197	124667	101544
158	20.06±0.21		245.1131	246.1204	C10H18N2O5	Val-Glu																	188202	153822	168128	197642	123891	127332	135607	126112								
159	19.75±0.09	255.1011	253.0857												183517	87036	81017	95072	154008	190862	225751	148732																
160	19.78±0.15		333.0482																												34305	12820	26284	26427	432	4016	0	2385
161	20.03±0.05	263.0635	261.0518												270101	179741	218894	204958	195351	304664	209779	155826	24714	11924	22915	13301	22053	22193	22379	13592								
162	19.99±0.05		179.0560	180.0633	C6H12O6	Glucose									137892	97894	123383	103061	99305	150595	113426	86233	96264	17898	51852	42031	33854	33038	26175	26390								
163	20.01±0.26		314.0303																												610133	241040	562914	593537	112834	743310	395828	290116
164	20.38±0.29		117.0191	118.0264	C4H6O4	Succinate																	172506	405575	484085	477632	317629	368024	284005	614825	33830	13482	50402	61765	14923	20914	2633	9611
165	20.47±0.26	148.0602	146.0452	147.0527	C5H9NO4	Glutamate									3665	11517	777	36789	122	545	343	313	1423076	3092145	3252678	3032662	297494	614209	460202	402599	1673542	427502	2325869	2414065	13237	24872	5092	7004
166	20.28±0.13	288.2035	286.1880	287.1958	C12H25N5O3	((Leu or Ile)-Arg)																	765080	1157595	986052	1169628	772248	789195	763576	900094								
167	20.03±0.27		188.0572	189.0645	C7H11NO5	Acetylglutamate																	26639	3315	22872	20244	6630	8251	20562	751	74366	53837	97802	93637	33549	106326	69291	51969
168	20.52±0.23		247.0926																				6506	65586	48663	33086	58113	63349	37550	101415								
169	20.22±0.22		276.0675	277.0748	C9H15N3O5S	(Histidine betaine sulfonic acid)																									47887	47449	109767	107087	3427	28698	39587	29841
170	20.36±0.07	147.0765	145.0628	146.0697	C5H10N2O3	Glutamine									1496400	972571	2083187	1187851	935461	688415	499717	653923	173564	158071	155466	189078	120964	140555	98930	263376	7112	2600	9491	8889	5358	6615	9198	2361
171	20.71±0.19	348.0712		347.0639	C10H14N5O7P	AMP																	62719	152831	90390	41117	215417	349929	196028	367910								
172	20.77±0.26		132.0304	133.0377	C4H7NO4	Aspartate																	166805	191216	181241	72573	480976	610817	239274	558409								
173	20.74±0.14	294.1814	292.1658	293.1736	C15H23N3O3	(Phe-Lys)																	101246	369740	317366	172727	311971	339226	237789	283121								
174	20.79±0.14	158.0296			(C2H5NO2)	(Glycine)	1006	1560	1157	2332	20704	17216	9153	130	13361	141062	20262	143355	155536	30871	9137	122820	43313	299983	334012	40841	353866	345131	396200	118275	12812	11146	21032	681	1496	2858	24949	5613
175	21.09±0.24	215.0512	213.0486		C4H8N2O3	Asparagine									464058	624212	376629	710909	685669	639554	342917	530828	259579	164907	239751	156287	202028	197114	258487	78128								
176	21.14±0.13	156.0768	154.0613	155.0691	C6H9N3O2	Histidine									208666	336856	179659	333016	322048	185295	236927	187598	379739	721307	599818	281455	1002944	1134992	624827	1150225								
177	20.49±0.28	104.0709	102.0556	103.0633	C4H9NO2	(4-aminobutyric acid)									17145	12695	26692	18833	365	393	172	128	316689	393505	417740	386825	54474	100980	80449	74564	313225	86890	283938	292278	1669	6315	961	1116
178	21.38±0.04	258.1113	316.1162	257.1040	C8H20NO6P	Glycerophosphocholine																	235907	2343026	718228	276073	1931832	887388	914101	2803232								
179	21.65±0.11	272.0618	270.0465												316156	209986	136023	165327	275912	158397	304283	178674	11554	19238	6239	19930	42928	26011	43621	122392								
180	21.64±0.04	195.0799	193.0654	194.0727	(C6H14N2O3S)										159735	261658	123348	146509	234477	121629	133624	128958																
181	21.88±0.17	260.1974	258.1813	259.1894	C12H25N3O3	((Leu or Ile)-Lys)																	537064	591170	556098	634231	403466	429239	1035459	2067742								
182	22.52±0.16	299.0446													225093	230813	165834	267131	217139	201543	87440	174118																
183	22.41±0.08	276.1671	274.1518	275.1595	C10H21N5O4	(C4H9NO3+Arg-H2O)																	25897	20759	24500	19529	21384	16911	51512	34667								
184	22.77±0.17	246.1818	244.1658	245.1738	C11H23N3O3	(Val-Lys)																	139080	133903	138192	133996	112871	99373	261235	111210								
185	23.16±0.14		308.1607	309.1680	(C15H23N3O4)	(Tyr-Lys)																	78813	58287	68565	61194	49281	45397	88270	55717								
186	23.35±0.16	246.1818	244.1659	245.1739	C11H23N3O3	(C5H11NO2+Lys-H2O)																	186306	143760	172086	145736	110515	114671	140499	132263								
187	23.41±0.11		246.1450	247.1523	C10H21N3O4	(C4H9NO3+Lys-H2O)																	66532	37579	55809	40932	30999	32469	41290	33319								
188	23.66±0.12	276.1666	274.1499																				57674	28362	47591	36488	27675	31472	32540	27417								
189	24.31±0.18	276.1573	274.1402	275.1488	C10H21N5O4	(C4H9NO3+Arg-H2O)																	66398	18086	41606	28119	21041	25944	22396	14958								
190	24.32±0.08	234.1446	232.1297	233.1372	C9H19N3O4	(Ser-Lys)																	86797	22001	55353	34593	29194	34266	36803	31835								
191	24.52±0.14	246.1558	244.1430	245.1494	C9H19N5O3	((Ala or beta-Ala or Sarcosine)-Arg)																	92224	97742	94628	113589	88255	73308	99739	84932								
192	25.15±0.11		246.1447	247.1520	C10H21N3O4	(C4H9NO3+Lys-H2O)																	103633	56690	70336	87800	58782	58702	68298	55288								
193	25.73±0.15	246.1573	244.1408	245.1491	C9H19N5O3	((Ala or beta-Ala or Sarcosine)-Arg)																	55342	45070	46250	60231	37460	30014	32540	75343								
194	26.23±0.12	218.1502	216.1345	217.1424	C9H19N3O3	(C3H7NO2+Lys-H2O)																	217294	178927	163791	240466	157200	169470	140497	378921								
195	26.43±0.10	234.1463	232.1295	233.1379	C9H19N3O4																		58672	23151	28724	39063	38127	43242	25244	68057								
196	27.03±0.11	218.1502	216.1344	217.1423	C9H19N3O3	((Ala or Sarcosine)-Lys)																	191500	167920	135208	242957	163188	184245	113150	184179								
197	27.60±0.16	232.1410	230.1241	231.1326	(C8H17N5O3)																		57181	22975	26450	51027	31968	48843	24252	25323								
198	31.95±0.36	309.1662	307.1512	308.1587	(C12H24N2O7)	(Hexose-Lys)									98949	12698	56541	27129	23132	108434	135462	39524	779589	84316	170053	512049	294849	384903	41908	152579								
199	33.74±0.92	131.1180		130.1107	C6H14N2O																		352	0	117	0	0	226	0	0								
200	34.61±0.34	233.1244													57747	56292	65810	58603	37049	35894	38519	19252	5003	2890	4966	3714	4482	5551	5464	10219								
201	35.63±0.56	175.1192	173.1039	174.1116	C6H14N4O2	Arginine									4902027	4103279	4948608	3837270	4122504	5102664	4353829	3240094	7470250	5195415	5893497	6186902	5344041	5587745	5026404	5842444	524723	157607	405427	428030	647159	581021	9294	185838
202	36.57±0.61	147.1128	145.0976	146.1052	C6H14N2O2	Lysine									1278633	964316	1264198	842823	878136	1334681	1041573	753734	4068073	2373030	2858332	3015339	2617919	2797920	2392365	2764703	179291	42493	125032	133075	224029	191583	7655	30583
